0 179 199 648 662 239 182 612 595 330 145 101 231 181 1059 102 157 405 288 1006 297 133 469 371 256 96 0 529 501 9 53 1022 482 49 88 856 502 30 311 638 217 491 38 960 534 24 273 321 139 1135 52 198 623 277 379 357 185 547 721 148 189 39 942 170 112
1 522 357 630 719 0 600 807 49 189 512
2 98 251 819 184
3 243 810 95 357 554 652 157 891 43 497 997
4 92 314 734 221 198 49 217 479 649 93 258 205 10 307 1165 796 180 161 678 182
5 133 31 454 735 342 355 260 750 561 920 125 485 546 936 118 241 273 611 174 329 574 873 538 49 71 295 723 232 110 148 108 361
6 454 436 105 283 113 535 8 405 219 710 754 669 189 53 469 142 471 221 877 317 220 534 101 32 828 697 964 408 540 62 1028 112 499 110 538 496 367 512 217 753 57 351 758 96 389 506 920 114 1266 91 796 137 936 622 209 241 88 361 938 254 505 232 345 784 725 546 403 488 1026 933 448 482 649 549 213 905 230 623 99 104 537 527 480 603 320 118 513 300 465 340 275 288 986 122 49 172 216 451 70 225 1097 337 239 740 77 54 635 34 29 314 657 1040 562 673 247 293 218 617 168 329 618 923 47 431 1168 475 479 271
7 408 357 356 161 538 22 216 256 157 189 317 629 311 76 182 112
8 153 1000 485 289 1059 174 374 44
9 384 49 611 512 137 431 873 408 1047 113 623 118 91 254 99 982 606 480 622 256 100 174 216 36 189 220 618 342 333 240 357 740 1063 884 78 185 356 260 725 273 601 361 186
10 667 392 635 139 502 28 1114 115 57 245 488 449 157 760 632 240 289 68 48 712
11 1016 120 56 320 247 100 740 68 254 53 1155 801 471 293 200 647 0 204 166 456
12 244 216 306 52 636 403 371 723 708 874 97 922 571 460 239 649 262 1056 627 325 1 96 1150 923 456 148 599 753 170 979 108 950 873 88 238 49 232 111 835 531 822 695 174 57 694 866 982 629 736 319 592 29 94 622 47 77 509 299 550 470 630 184 1398 657 875 26 420 856 345 496 432 241 297 1513 436 586 894 32 395 145 1066 366 66 34 258 943 247 454 1145 1047 249 801 431 700 1120 109 327 837 365 547 618 275 623 357 494 1026 253 83
13 567 101 276 753 216 586 288 49 982 103 180 209 91 52 460 161 247 665 94 431 357 316 512 297 733 329 347 66 38 862 873 1 508 405
14 755 1076 1294 671 1084 380 491 177 357
15 239 238 273 399 34 389 185 93 216 254 22 137 154 431 103 660 408 513 474 182 102 256 150 191 544 496 480 125 36 200 456 652 1009 356 864 504 471 101 601 502 694 240 112 99 209 979 166 56 647 26 345 156 47 229 91 113 77 401 29 333 114 297 66 96 24 1049 247 253
16 371
17 180 662 99 318 133 58 289 297 695 936 586 465 32 277 856 57 110 239 480 89 24 1022 387 432 200 508 108 733 1059 203 70 942 342 502 100 567 137 669 186 31 600 276 1046 512 260 329 694 66 236 315 623 595 491 569 767 1180 408 347 473 316 148 592 0
18 622 389
19 547 577 99 408
20 290 513 150 31 153 216 61 29 692 860 49 44 1026 1195 113 209 361 806
21 444 157 618 321 307 102 82 622 311 368 329 158 1023 96 221 34 367 247 359 58 591 179 373 613 561 52 22
22 157 538 518 573 66 93 31 81 329 67 491 236 24 180 288 873 89 411 49 479 1022
23 239 254 614 66 264 530 89 185 289 200 49 502 189 399 329 571 191 311 472 518 389 229 953 321 240 113 297 499
24 52 86 157 795 186 101 236 357 277 612 125 31
25 49 189 1 719
26 49 861
27 31 209 78 49 101 182 12 623 314 157 216 311 635
28 289 436 139 297
29 622 672 289 333 0 157 101 719
30 241 238 137 723 108 38 288 936
31 355 153 139
32 719
33 0 585 48 891 289 1184 497 420
34 652
35 206 838 824 1261 1023 1466
36 82 216 456 408 278 112 208 101
37 26 221 456 54 7 166 966 55 57 20 480 375 1037 528 443 11 309 345 363 24 23 231 350 1281 122 135 408 33 29 1190 113 191 1103 364 984 423 320 293 433 572 155 1272 719 544 136 168 526 434 1432 313 22 232 60
38 1017 519 175 60 1
39 5 288 592 258 367 329
40 57 102 17 433 112 170 726 347 302 240 247 345 480 33 471 544 498 156 366 53 161 34 99 244 476 166 26 474 172 24 321 114 131 390 179 232 293 135
41 239 406 64 612 91 68 92 166 652 200 630 597 105 24 592 347 31 221 254 229 438 130 321 244 216 33 364 114 99 236 86 719 491 180 320 670 816
42 112 465 458 154 305 753 101 182 367 502 93 195 311 118 49 217 239 209 34 357
43 198 189 695 49 24 357
44 72 280 1078 189 719 1184 1398 346
45 751 1 346 863
46 101 671 436 359 496 538 112 100 161 52 174 99 754 256 561
47 337 739 367 216 103 660 288 361 492 529 479 863 699 649 819 50 534
48 648 355 993 242 568 497
49 693 321 22 161
50 977 91 660 487 333 68 302 66 408 432 103 1069 387 512 157 657 509 200
51 101 49 275 239
52 364 643 139 695 43 280 452 175 392 1077 656 357 355
53 22 217 141 23
54 403 458 12 161 244 474 34 101 61 52 102 216 112 50 209 293 239 57 256 347 140 311 22 247
55 40 156 400 647 321 73 49 12 275 239 614 382 200 52 446 734
56 321 276 49 139 130 942 355 1074 1125 351 30 284 222 89 496 239 169 182 10 508 174 290 1357 180 38 873 229 1107 479 108 677 822 199 161 288 93 665 294 297 538 567 431 36 226 221 719
57 53 94 323 499 520 368 244 479 297 487 913 329 432 337 100 200 377 142 189 518 257 133 49 96 387 260 170 276 517 201 112 1016 942 306 23 657 294 475 649 513 307 161 231 31 113 211 888 357 93 796 66 247 256 538 321 239 779 302 569 3 622 216 695 574 399 240 174 1026 401 1114 154 697 57 242 311 160 118 299 82 229 52 101 367 108 29 629 91 342 314 156 677 452 818 148 60 710 207 125 320 5 886 719 361 583 235 258 498
58 66 330 258 96 699 750 5 185 256 103 471 91 896 723 454 989 275 451 618 1016 1079 574 498 475 262 367 58 908 6 673 635 357 1020 209 502 760 289 541 795
59 98 184 652
60 356 479 100 157 518 389 217 321 200 311 150 367 399 305 216 357 329 12 693 112 573 888 722
61 49 672 404 305 665
62 592 670 359 58 238 216 321 1065 244 207 1028 297 288 423 474 367 93 357 355 314 492 256 491 112
63 53 643 320 66 273 200 557 170 283 357 465 68 57 244 547 783
64 52 120 364 357 652
65 239 413 136 906
66 77 185 357 157 289 355 89
67 263 139 101 297 216 287 128 170 1219 103 371 49 734 30 52 31 357 209
68 135 57 182 153 433 538 174 101
69 217 299 355 216 508 203 10 273
70 112 356 66 239 942 297 622 230 57 189 78 49 102 456 200 452 260 262 68 502 431 204 101 31 86
71 660 240 297 189 5 125 217 405 81 321 574 118 199 239 492 88
72 130 719 751 325
73 287 99 355 269 1206 49 482 103 141 267 656 432 86
74 118 695 722 49 5 371 239 273 94 289 113 31 148 541 216 161
75 241 5 112 329 91 354 221 492 101 561 473 217 139 673 30 24 88 321
76 642 404 77 851
77 49 30 873 491 289 222 331 209 863 522 466 669 380 1069 744 139 665 157
78 138 96 244 49 725 9
79 647 200 31 204 86 307
80 239 920 101 433 367 258 561 49 357 174
81 151 347 231 6 552 408 550 140 177 136 239 247 435 53 101 159 528
82 297 754 767 360 6 239 34 524 547 289 21
83 359 599 276 506 873 275 108 342 844 189 96 238 379 273 260 480 110 503 135 100 174 118
84 157 1200 1231 960
85 231 347 145 53 342 118 423 1038 93 561 114 33 96 156 801 201 102 239 476 320 537 307 389 456 47 100 166 474 543 49 296 179 275 182 923 310 161 52 622 357 618 247 112
86 1229 1002 680 700 807 1493 554
87 166 273 366 30 1084 189 140 222 16 103 449 1063 403 10 599 139 371 491 209 359 1054 913 49 851 89 181 357 24 355
88 92 31 441 86 475 508 297 584 687 225 660 264 767 315 62 36 859 896 21 567 240 435 1024 275 104 492 100 908 702 46 719 622 130 491 729 361 185 319 186 57 9 273 506 145 449 384 49 482 133 1060 232 254 546 238 601 174 693 56 200 526 914 442 58 166 821 723 473 540 440 5 276 1 884 965 1241 110 436 423 217 1127 936 1317 66 629 856 512 101 78 798 201 754 460 818 299 611 844 428 289 221 697 34 982 216 88 16 188 218 260 949 513 496 211 220 129 694 867 574
89 57 112 608 6 890 231 52 101 29 200 58 320 240 311 36 31 189 347 357 864 359 115 408 629
90 403 311 571 719 31 329 294 355 623 81 695 569 217 242 669 93 216 808 235 309 297 49 112 101 109
91 68 530 24
92 629 342 390 367 184 502 740 942 571 361 931 195 221 506 535 239 357 1097 649 660 351 157 174 733 1165 49 856 818 29 610 169 32 284 394 623 473 94 389 750 200 88 229 618 697 482 355 492 754 216 242 460 256 508 241 93 475 973 505 81 254 808 1016 496 127 111 222 314 498
93 24 101 321 120 133 693 247 465 239 345 660 590 209 191 629 185 528 204 98 254 289 256 288 529 314 275 856 509 57 363 347 238 221 235 309 22 1177 58 307
94 529 389 241 1107 239 49 856 174 24 1191 357 94 1401 235 361 359 101 209 112 200 52 31
95 182 12 617 217 694 357 721 209 471 431 320 156 258 38 436 240 179 63 118 247 100 256 102 288 254 180 221
96 599 665 852 561 108 86 649 622
97 47 87 357 364 52 267 367 157 229 216 77 49 297 141 239 355 408 140 614 347 719
98 630 719 325
99 77
100 387 657 357 177 216
101 491 371 1 52 115
102 157 960 719 1
103 320 71 34 53 166 254
104 751 491 1098
105 89 58 188 133 148
106 157 683 112 474 368 437 364 140 311 230 102 350 256 161 403 1240 573 834 321 342 1016 6 156 201 52 82 1113 458 150 552 351 101 8 231 549 253 179 76 159 136
107 719 456
108 491 325 1
109 360 380 681 630 950 130 4
110 228 387 860 43 1035 30 98 243 357 177 1559 157 10
111 288 1111 256 49 492 217 311 5
112 389 189 29 753 138 538 401 38 355 217 297 359 1123 808 1206 502 357 185 209 256 240 216 145 94 101 432 413 873 148 496 125 311
113 359 719 571 214 139 506 982 229 30
114 139 52 68 357 136 311 518 367 261 297 87 104 862 216 700 112 140 195 719 12 10 153 492 161
115 113 477 496 355 101 479 311 351 739 361 538 94 314 806 373 431 5 211 408 150 38 32 260 571 60 1026 63 209 623 156 527 216 118 541 1086 819 399 678 673 199 31 347 341 44
116 90 77 12 92 712 567 719 316 677 88 797 89 181 130 121 547 83 114 8 364 198 275 246 140 139 538 49 511 647 642 357 102 679 652 229 86 367 268 1246 1138 100 347 87 148 554 289 475 552
117 86 289 157 58
118 133 460 9 502 31 148 649 379 52 873 125 719 189 364 240 118 416 77 86 498
119 16 323 587 262 423 538 254 288 844 1211 571 669 491 705 735 987
120 118 730 71 512 110 189 538 449 56 502 137 273 622 289
121 229 638 88 367
122 303 482 200 260 557 321 408 56 584 538 247 110 239 556 936 91 34 101 31 547 89 99 363 600 201 33 357 347 156 157 112 238 52 311 254 230 158 652 261 161 22
123 995 999 668 719 1231 98 751 713 1103
124 76 573 652 668 175 60 628 12 296 269 252 422
125 36 498 56 600 693 166 239 66 283 433 652 321 284 23 133 936 9 6 53 485 703 912 687 220 231 629 186 174 867 134 456 546
126 289 744
127 29 804 80 113 267 935 201 216 161 368 247 309 357 544 552 399 240 945 233 256 336 886 408 371 84 280 347 260 647 363 291 364 99 249 289 311 101 154 758 528 480 112 1325 191 960 153 809 60 83 269 683 56 114 179 208 801 211 382 100 121 207 735 79 232 57 350 656 438 921 231 31 156 77 719 52 877 244 229 82 66 554 885 360 613 881 614 657 7 333 698 1167 239 95 1376 251 743 1196 361 435 24
128 49 115 719 133 289 1 512 873 695 522 0
129 378 216 1108
130 157 130 269
131 719 175 261 68
132 31
133 695 133 49 58 289 697 148 200 665 400 750 873
134 22 652 25 399 112 1002 357 12 161 256 181 305 140 10 930 278 403 52 101 391 347 114 136 217
135 64 561 174 49 31 329 108 982 200 622 359 34 541 297 216
136 243 189 969 49 1560
137 289 243
138 157 17 552 400 531 745 446 652 190 647 770 209 719 23 153 280 406 387 86
139 277 52 280 311 4 108 529
140 608 184 331 280 719
141 221 719 590 239 851 561 357 408 34 249 102 661 482 333 112 431 321 581 191 547 630 118 200 57
142 77 216 408 563 394 528 256 432 357 161 325 305 356 685 506 101 437 4 469 801 141 209 43 474 166 191 156 746 49 734 6 960 973 112 354 297 371 0 808 268 351 196 140 79 10 476 58 647 36 885 822 495 98 630 33 321 513 252 1320 52
143 466 608 1436 130 117
144 680 420 206 40 115 404
145 180 612 423 161 882 767 195 340 309 781 240 277 460 665 225 209 50 191 357 217 93 5 52 216
146 491 289 719
147 52 30 189 355 139
148 188 273 625 297 63 110 619 111 217 16 816 867 635 540 78 295 767 277 182 288 240 186 21 17 276 567 1022 623 612 649 326 1016 259 896 693 161 866 239 403 253 488 150 8 200 1028 50 236 877 533 174 473 138 289 148 9 754 199 52 1072 660 89 36 329 546 989 669 100 5 597 342 67 357 687 405 428 509 377 592 561 821 133 33 616 180 6 320 225 534 862 220 24 154 249 485
149 97 83 130 316 100 320 552 468 445 817 176 177 196 193 1024 540 254 318 834 289 328 408 174 740 244 633 309 77 1282 191 375 456 68 15 17 143 447 293 961 485 438 220 291 389 321 1143 406 403 56
150 239 216 157 240
151 288 356 357 78 294 217 118 5 101 273 329 113
152 380
153 673 571 273 185
154 371 189 141 148 24 1310 427 452 1194 139 242 49 140 719 289 751
155 349 482 174 389 750 49 182 356 296 231 148 189 665 622 592 258 321 488 367 89 23 93 217 462 34 501 1063 359 179 329 180 406 600 538 101 338 470 216
156 196 189 8 117 274 176 1161 140 511 141 228 613 774 280 387 209 173 695 136 86 1179 445 552 130
157 29 101 250 258 216 359 534 640 241 38 613 646 355 94 356 49 644 141 333 692 73 44 242 427 361 730 378 500 174
158 179 695 130 630 325
159 336 357 242
160 630
161 97 140 890 719 552 117 577 608 652 23 52 280 175 403 157 381 445 49 298 1104 364
162 619 157 52 629 68 12 277 200
163 98 51 652 144 265
164 988 1115 220 377 200 102 186 622 888 389 753 693 67 46
165 103 445 259 87 86 140 10 647 12 68 364 387 443 644
166 268 36 161 52 238 342 567 801 608 652 157
167 245 420 117 860 265
168 130
169 256
170 98 289 144 95 0 420 268 346 72 1 380 497 582
171 325 519 465 293 250 120 318 566 140 177 681 48 53 431 291 961 73 471 302 139 133 427 695 610 273 873 540 365 633 166 216 130 667 479 762 329 616 491 8 297 1205 83 435 49 1179 718 348 264 590 502 958 68 191 751 30 387 185 374 423 377
172 189 174 244 99 239 29 135 161
173 497 130 346 49 357 30 355 12 209 534 139 427
174 216 217 356 288 492 695 82 49 161 746 94 297 357 118 60
175 556 403 66 60 89 347 390 230 408 10 31 52 471 68 182 186 46 179 652 200 231 26 204 189 320 6 229 719 357 373 1016 740 239 121 586 538
176 157 630 881 325 130 280 60 1315
177 299 208 479 403 693 567 315 518 83 166 216 351 1063 991 321 472 121 573 157 1066 801 465 31 53
178 86 77
179 191 161 57 387 125 52 357
180 174 110 474 145 17
181 251 108 9 49 45 91 100 89 318 433 873 697 148 1323 92 379 884 502 58 595 189 754 240 1215 174 512 1063 600 642 567 751
182 487 491 189 273 471 9 512 108
183 476 746 970 51 309 469 140 748 758 652 87 156 31 506 783
184 239 665 66 586 488 89 254 629 203 166 465 367 492 389 299 693
185 438 56 102 211 209 862 321 31 135 156 20 440 166 174 91 320 239 746 408 476 364 204 221
186 230 344 216 59 273 24 299 78 699 99 410 440 822 321 166 660 56 241 326 174 102 89 95 618 5 125 260 34 101 989 29 956 217 57 53 161 480 600 247 100 517 329 657 36 690 948 485 873 254 357 185 71 103 288 47 188 1206 220 479
187 1 120 719 130
188 719 9 630 325
189 1293 1 157 406
190 110 189 49 275 191
191 230 216 561 297 189 730 239 471 408 979 431 329 321 367
192 52 49 629 100 337 189 56 719 8
193 431 834 550 289 438 389
194 102 538 58 311 458 618 629 52 359 112 217 115 189 156 101 347 622 408 6 161
195 118 240 317 496 256 101 41 661 796 216 307 189 333
196 139 0 289 355 665 502
197 12 160 200 40 102 358 229 433 186 253 6 76 254 354 211 403 240 56 231 698 321 719 101 96 256 182 347 695 357 452 50 552 159 877 480 24 58 1044 191 277 471 20 217 112 31 331 1023 208 201 57 140 99 174 100 114 1034
198 506 719 695 513 497 751 331 216 29 732 669 457 1008 492 161 189 200 361 991
199 319
200 52 48 357 73 60
201 751 420 466 969 942 1 243 0 856
202 1 60 881 325 719 4
203 200 996 359 221 174 189 240 166 239 630
204 166 550 273 33 342 622
205 522 357 24 512
206 247 320 657 17 240 456 118 315 260 345 513 179 113 556 357 10 342 356 359 695 503 273 189 347 161 94 216 694 52 174 96 57 221 108 325
207 10 57 725 275 244
208 273 92 657 275 139 754 30 315
209 141 161 321 297 170 22 357 156 323 103 118 247 108 1016 320 240 113 862 571 36 100 403 101 17 670 329 49 200 275 195 923 351 56 137 361 613 186 359 189 406 509 174 730 216
210 734 103 492 517 96 512 209 216 1196 43 67 595 297 94 100 497 361 66 818 239 571 355 351 288
211 57 103 418 256 50 1020 253 311 78 99 719 357 593 182 112 599
212 399 101 53 191 297 153 629 209 47 518 647 371 113 510 355 317 719 244 386 200 351 229 109 734 77 49 31 408 1016
213 408 231 112 698 97 146 54 156 216
214 93 592 297 808 256 311
215 492 100 612 244 491 92 583 702 157 315
216 60 289 652 491
217 170 139 161 305 200 49 501 383 130 613 239 351 141 102 4 734
218 115 321 527 408 118 161 191 102 209 552 22 557 53 207 502 297 247 695 652 201 211 189 200 217 156 1016 182 307 888 864 329 229 471 98 216
219 816 77 166 153 191 408 26 87 140 309 719
220 408 264 418 200 320
221 77 78 936 161 544 408 1072 66 319 884 238 244 34 618
222 0 277 133 502 31 157 180 1114
223 446 427 209 534 148 501
224 719 130 72 289 412
225 1 807 214 666
226 364 40 569 283 347 53 293 357 552 221 389 435 695 240 241 320 110 309 544 58 156 31 272 6 471 77 26 66 24 231 877 623 100 95 433 91 99
227 387 1034 120
228 174 473 529 288 238 989 325 695 405 216 102 500 200 5 1 100 856 49 882 170
229 179 240 910 170 101 379 31 535 262 454 191 491 320 201 695 719 843 216 58 382 309 475 174 1002 730 337 53 657 273 247 89 26 1016 1028 91 433 200 374 888 137 166 538 186 94 220 189
230 238 260 982 1131 389 319 856 529 920 241 174 496 34 1378 58 185 780 884 273 91 638 538 781 480 275
231 423 135 538 89 622 5 238 32 561 273 342 34 699 67 295 200 174
232 379 289 472 475 856 1016 361 623 68 135 3 828 191 50 174 166 216 189 502 57 200 115 98
233 754 49 1142 256 125 541 36 180 277 189 260
234 153 289
235 410 457 130 537 34 541 502 102 355 390 767 359 188 186 300 111 256 31 692 118 508 235 563 125 753 723 496 873 592 389 290 1072 1313 1270 818 702 36 260 242 50 112 288 129 611 1001 550 690 498 751 657 241 154 540 1026 5 67 203 518 357 411 687 66 1155 100 896 371 1020 595 649 538 760 942 71 183 299 733 199 822 571 440 0 734
236 719 666 404 60 130 491 0 881
237 115 851 60 289
238 45 1104 1106 346 810 1319 380 608 139
239 595 669 538 111 440 782 9 254
240 88 217 822 329 768 77 460 796 492 96 183 675 254 1245 367 157 53 700 338 103 887 734 445 1056 113 1138 718 383 431 30 239 200 139 233 357 240 657 277 111 479
241 196 572
242 44 284 208 198 677 881 814 103 822 806 329 883 297 405 321 60 61 392 185 52
243 498 83 357 471 239
244 140 355 189 256 235 58 307 229 1195 612 311 357
245 46 207 229 873 156 408 356 390 354 277 208 49 235 31 125 562 399 734 63 470 1357 204 502 693 612 418 600 506 217 297 239 109 77 174 111 118 676 299 78 494 216 518 321 157 73 992 351 209
246 340 113 239 78 499 309 816 222 45 5 118 251 191 357 232 719 643 49 935 26 1076 1461 297 808
247 11 22 357 100 256 77 230 300 161 382 153 408 239 719 103 364
248 502 139 89 49 24 267 695 355
249 7 618 256 174 235 189 321 657 140 547 238 239 99 156 31 433 408 729 297 179 890 110 482 102 694 488 24
250 357 101 320 220 719 389 57 347 458 52
251 382 614 31 29 594 216
252 310 9 485 86 316 748 438 178 298 348 112 456 297 114 147 758 317 47 476 364 970 552 270 368 97 853 1070 781 403 31 520 217 24 29 23 832 201 864 156 801 361 124 33 68 408 79 140 103 435 60 75 660 144 1167 274 862
253 574 695 357 49 333 429 1123 497 52 669 355 722 377 719 289 330 379
254 719 511 261 376 175 130 48 289
255 297 571 719 240 111 1008 355
256 815 1058 928 860 1042 719 824 1377
257 751 570 206 928 997 267 335 731
258 239 200 276 546 21
259 311 135 70 561 130 191 1227 200 260 56 725 26 62 239 540 905 57 174 105 436 303 112 367 317 408 99 49 1115 630 101 72 524 91 1097 657 366 58 100 538
260 113 383 137 355 205 992 488 592 290 96 216 586 142 61 276 221 600 166 367 256 760 347 154 479 734 297 884 1357 329 288 496 492 247 12 491 34 373 60 1069 108 361 342 179 356 186 36 49 750 209 534
261 364 652 204 77 153 140 175 49
262 89 49
263 81 612 496 357 241 359 844 209 808 305 288 145 613 479 355 5 697 161 182 249 444 311 109 58 239 180 22 356 873 277 101 492 292 571 351 93 307 337 221 49 189 235 216 91 174
264 725 612 174 221 5 277 30 260 1 669 496 78 506 101 574 357 139 330
265 295 30 512 351 411 294 378 751 546 767 285 1108 1098 145 567 475 1056 333 288 695 355 199 657 517 329 67 66 34 1258 392 49 287 284 1138 240 273 170 361 535 649 734 216 561 254
266 86 31 290 670 498 381 138 310 380 43 16 423 654 151 449 123 340 777 392 526 321 351 289 12 46 1223 211 446 590 60 1284 338 89 120 223 293 1070 407 648 256 887 357 64 330 1114 778 75 327 931 710 558 142 977 520 150 1063 518 567 745 113 808 1054 568 522
267 100 359 694 342 408 357 254 161 571 113 856 730 200 239 401 258 6 423 905 32 465 62 31 374 189 230 29 240 34 657 888 500 47 725 91 538 1 496 320
268 185 297 677 189 5 408 240 174 888 735 156 342 108 347 94 102 725 288 496 329
269 1098 139
270 302 357 175 86 89 99 186 693 568 1114 371 150 52 365 31 647 49 191 342 97 502 68
271 239 52 135 5 240 740 571 229 635 200 216 311 408 806 130 29 50 329 751 1 367 66 189 195 351 277 180 529 292 118 307 247 623 57 873 235 31 157 273 939 357 730 36 49 153 103 22 44 502 256 355 719 112 101 24 321 125 209
272 141 289
273 36 750 408 491 321 380 289 719 839
274 88 392 367 207 537 303 651 1032 1130 180 288 613 612 690 321 93 6 1258 496 96 140 1110 978 44 373 86 1196 504 7 383 523 5 362 221 444 205 278 236 198 158 787 923 307 488 277 644
275 315 189 196 229 630 527 140 26 726 1292 1167 667 13 1171 703 1134 173 221 17 60 216 31 176 1201 1179 181 497 633 113 797 325 1037 432 291 226 657 526 99 21 70 389 162 410 408 465 971
276 40 72 269 175
277 43 157 1
278 419 50 307 734 276 488 329 347 357 552 26 622 179 367 96
279 404 184 130 139
280 371 103 60 1167 719 1
281 11 123 60 221 288 556 591 761 775 890 103 693 418 976 491 1015 7 130 73 135 578 229 691 749 360 345 379 1229 533 670 294 366 817 377 1421 307 972 522 121 1058 838 83 1389 452 1022 433 449 492 816 206 745 955 649 479 26 1405 1338 325 347 100 1192 174 630 423 404 364 8 47
282 43 24 95 382 229 216 87 211 462 351 4 204 500 73 471 140 298 44 751 302 357
283 130 189 53 179 395 751 432 950 652 191 239 185 240 4 408 571 855 66 842 1532 230 936
284 87
285 56 357 309 945 57 50 408 161 347 174 101 24
286 22 470 68 649 209 758 138 392 322 527 367 267 158 216 101 883 492 99 351 170 323 95 613 52 60 808 97 502 394 710 75 329 735 156 297 355 24 408 347 778 453 873 468 140 49 191 501 30
287 101 229 436 112 695 256 188 311 611 49 750 660 103 635 63 355 538 241 702 496 321 156 693 216 57 29 690 22 819 488 367 623 189 482 390 694 351 93 571 31 754 876 808
288 118 99 241 238 496 740 697 161 260 5 78 239 36 939 217 356 275 170 357 174 475 454 29 101 81 730 571
289 269 189 60 305 36 73 355 184 153 491 403 357 382 103 719 52
290 211 411 812 337 174 931 321 136 1024 723 498 835 221 1162 1179 1134 86 88 580 244 91 281 150 601 31 740 209 46 200 196 1014 431 9 622 721 254 99 465 529 330 315 552 424 260 179 354 96 852 191 567 53 320 203 421 428 92 166 377 423 307
291 238 242 59 12 635 702 73 157 170 289 130 618 66 693 411 808 102 420 661 496 31 28 110 161 115 137 508 216 873 569 247 302 403 694 942 260 217 491 622 254 10 240 399 235 427 49 552 550 571 275 754 77 522 58 595 78 189 862 719 357 263 1069 404 325
292 379 89 289 623 9 297 58 320 355 31 216 357 329 56 130 148 423 36 612 389 88 157 153 361 101
293 389 91 99 77 923 629 309 185 174 657 34 258 260 200 24 156 753 36 189 622 725 56 367 319 342 57 96 33 32 244 135 100 125
294 189 166 299 512 371 321 479 524 574 288 856 482 779 108 5 522 174 567 485 73 330
295 223 944 1229 696
296 156 179 101 99 161 55 26 629 356 244 102 196 240 491 247 433 52 112 198 273 158 231 615 239 646
297 191 260 456 311 93 622 356 492 672 506 863 496 501 52 179 502 200 34 29 156 8 102 221 529 256 834 61 435 373 77 586 238 44 629 734 161 96 139 361 289 225 174 351 166 599 26 694 36 16 750 240 121 751 103 357 818 367 244 468 239 276 49 216 856 31 5 408 371 94 491 189 953 101 534 30 100
298 77 153 719 652
299 66 174 357 236 508 767 93 166 277 240 989 753 260 690 733 1056 657 297 239 78 785 522 325 199 170 24 92 276 180 512 210
300 133 0 380 665 491 371
301 217 321 157 309 719 76 657 277 509 88 405 221 538 180 57 5 612 195 307 693 474 253 52 10 93 24
302 405 359 153 47 923 538 730 479 238 297 145 91 138 329 1108 288 217 49 501 694 94 180 740 735 323 44 67 112 216 1097 729 201 649 118 57 389 550 38 229 221 36 506 357 433 260 512 503 517
303 860 608 928 157
304 665 302 40 10 133 522 466 89
305 31 506 693 114 161 471 80 201 76 725 480 247 735 283 231 185 101 62 587 936 906 1256 32 256 68 9 217 561 325 357 260 6 200 166 145 115 53 57 125 240 182 230 232 172 321 239 647 216
306 220 602 729 733 673 78 315 260 1072 1083 1127 1026 379 29 920 91 100 240 36 102 546 694 491 174 896 887 99 488 89 389 856 319 725 451 238 473 754 524 1151 5 1047 433 541 482 936 612 112 418 384 256 1177 492 230 1114 939 1028 217 780 611 423 24 292 509 359 101 1125 723 888 496 581 692 801 21 618 702 1079 361 96 71 638 326 982 50 550 625 1046 914 1138 537 254 485 333 186 58 690 62 867 965 340 584 125 66 660 188 505 766 460 949 160 300 884
307 583 102 254 611 725 571 936 622 694 100 118 556 49 506 58 232 191 260 91 5 361 750 78 99 185 877 550 174 258 125 357 1028 154 561 256 241 220 112 1151 50 326 342 179
308 471 26 438 738 1034 1016 14 212 204 139 247 886 734 56 598 177 453 647 526 614 239 60 77 309 1143 594 544 435 33 30 1049 348 283 433 552 124 229 1467 935 456 318 302 383 291 95 179 862 10 267
309 346 333 496 623 1 399 351 512 189 36 49 491 329 297 586 216 86 288 541 88 93 289 401
310 31 567 973 1069 482 600 418 888 509 200 254 508 629 333 289 89
311 353 175
312 10 105 247 949 273 34 325 460 189 135 945 540 110 77 622 307 68 342 660 740 797 191 64 423 254 657 491 435 200 366 49
313 719 268
314 145 208 347 321 354 320 408 351 373 499 368 324 403 247 112 1049
315 795 174 843 725 428 241 58 169 1028 618 100 50 319 273 622
316 273 38 357 125 730 361 492 34 888 719 356 239 94 1047 36 1
317 189 400 408 506 979 571 161 244 216 1090 229 94 357
318 175 120 153 696 755 652 502 104 223 60 73 95 814 133 357 360 647 339 355 24 695 656 404 960 614 751 552
319 258 492 475 145 5 241 118 361 50 288 625 189 750 480 174 148 1020 357 94
320 357 99 200 366 62 361 22 154 431 125 607 31 753 657 750 1046 256 110 660 174 1020 583 321 241 58 758 91 618 368 185
321 730 317 29 562 502 100 285 63 1145 341 44
322 982 561 754 317 100 6 618 49 174 436 256 408 58 740 506 46 471 297 130 189 289 801 220 217 200 230 890 184
323 873 130 148 1
324 936 181 3 244 340 7 389 469 247 357 52 36 567 89 110 96 320 390 973 549 337 438 113 302 221 161 33 66 32 309 220 614 544 705 433 289 408 101 291 135 26 556 23 993 318 329 100 31 471 8 201 472 347 465 273 746 166 435 387 445 864 629 232 10 191 24 816 68 600 114 179 106 569
325 337 191 346 574 405 571 915 910 594 1243 491 40 1
326 646 182 76 406 65 8 160 1092 31 577 87 157 231 431 652 60 554 52 720 320 211 971 408 75 22 860 26 189 801 101 356 389 297 229 895 614 141 1004 278 280 98 207 77 54 350 647 746 253 29 881 347 629 510 628 161 403 364 95 474 102 144 216 1018 719
327 291 435 630 33
328 36 49 920 623 574 1 483 209 550 750 367 822 333 669 4 357 401 57 611 969 174 595 744 721 884 297 182 241
329 184 1098 104 652 751
330 88 1054 644 287 166 221 510 367 365 778 77 423 734 247 64
331 474 364 118 403 12 58 120 230 68 182 357
332 180 241 550 260 669 36 592 856 78 496 541 154 587 108 867 118 818 567 473 273
333 100 1056 355 235 297 38 646 505 186 160 561 125 288 315 94 965 289 295 99 401 118 735 436 750 356 730 36 24 216 491 217 942 492 500 529 241 287 93 49 174 240 189 753 649 276 294 273 260 571 271 408 550 538 250 754 66 275 239 351 611 405 725 1301 546 110 329 254 321
334 24 136 551 544 6 62 309 433 1049 244 275 33 230 321 424 56 291 68
335 851 420 950 928 925
336 60 100 1199 288 254 216 390 236 660 38 1146 49 290 599 501 222 492 56 94 861 93 884 404 546 226 22 739 32 337 1047 694 180 479 522 485 262 687 377 166 819 229 277
337 118 231 431 89 59 297 5 57 342 586 174 182 254 303 1076 63 389 496 305 275 670 789 355 100 91 687 191 34 49 473 288 229 277 66 101 94 497 888 828 753 24 242 571 146 9 240 969 379 221 213 657 458 47 357 311 660 1196 203 260 31 492 418 189 209 216 405 200 502 561 471 695 884 623 527
338 380 1135 288 550 201 325 942 482 112 297 502 254 311 96 256 522 240 130 148 485 389 661 103 133 873 217 101 235 226 189 512 1063 276 592 277
339 170 103 512 321 522 166 8 595 325 154 465 257 49 1 239 100 3 491 31 807 130 669 387 53 856 216 56 623 423 153 357 365 254 873 547
340 249 220 260 298 268 101 408 495 354 297 357 652 571 216 52 161 147 99 200 230 399 189 114
341 408 156 22 367 622 191 591 60 652 531 557 231 298 356 100 153 399 216 552 267 285 189 383 31 141 161 504 208 82 359 740 172 413 783 140 746 864 614 280 357 418 52 431 117 368 506 364 1009 317
342 971 60 452 719 393 387 83 403
343 59 188 695 512 406
344 101 660 505 289 319 220 161 361 936 357 125 58 492 112 367 622 100 496 94 174
345 268 719 265 815 115 755 289 860 43 652 51 360 144 48 511
346 356 256 201 217 161 357 501 22 216 462
347 289 630 130 48
348 0 1063 9 288 512 169 92 680 870 567 498 873 379 36 1108 214 473 936 887 541 592 49 59 460 1200 1155 276 665 522 574 902 807 243 330 377 754 884 960
349 289 60 1231 568
350 719 890 130 280 157
351 12 552 23 860 409 136 445 1114 77 516 24 400 178 960 188 452 120 140 103 1102 141 176 25 83 89 40
352 100 780 200 567 669 699 389 67 1271 772
353 719 180 209 289 153
354 538 133 260 1016 273 522 638 189 569 188 94 873 174 856 725 240 289 49 239 496 436 418 275 888
355 289 276 361 506 49 599 333 273 541 622 321 108 856 258 71 482 94 567 31 660 262 488
356 280 681 1 353 890 48 652
357 1133 236 672 399 612 640 104 503 444 5 277 102 649 148 12 839 229 140 394 153 111 660 794 361 161 199 216 590 180 357 778 321 73 181 63 47 337
358 682 95 289
359 404 222 251 371 60 45 49
360 806 394 886 513 361 314 150 154 602 216 1195 61 142 31 1005 421 338 692
361 305 324 437 49 216 44 60 63 311 492 256 497 1 209 373
362 324 819 44 719 338
363 269 52 612 357 161 63 139
364 6 93 723 10 965 436 36 491 154 1 66
365 320 77 550 31 156 29 6 57 408 657 240 307 354 256 191 172
366 895 61 1007 113 256 886 577 739 43 421 172 710 289 94 361 513 280 156 60 314 31 211
367 1063 257 88 707 46 217 208 612 348 247 347 726 8 283 491 200 53 276 670 170 431 50 236 307 71 309 321 52 89 654 638 354 277 26 693 1049 99 480 408 339
368 501 552 113 1016 356 851 623 166 77 349 547 559 471 438 6 18 474 511 138 309 49 216 22 307 456 1034 758 191 223 368 569 7 320 239 1076 170 23 172 201 101 31 273 361 483 730 76 647
369 361 256 1 29
370 491 89 31 235
371 60 88 719 31 34 130 367 321
372 473 360 254 1 340 220 170 502 289 297 735 440 852 408 754 200 567 227 669 89 321 111
373 179 230 366 389 311 78 31 295 424 431 342 99 137 753 47 503 36 492 189 754 359 49 297 512 201 315 254 156 66 488 101 725 239 22 873 919 247 522 546 148 329 240 496 216 185 307 866 321 34 923 535 102
374 753 289 297 482
375 669 357 262 254 822 166 781 91 40 118 220 288 217 59 200 600 480 666 238 125 767 50 103 133 485 294 108 100 24 750 460 154 95
376 5 711 920 216 571 94 694 213
377 5 251 550 36 9 148 541 133 502 174 273 66 118 139 240 496 593 751 78 325 599 512 506 108 260 329 356 660 100 571 186 99
378 130 630 719 360 1
379 1239 595 581 5 1297 512 896 216 170 180 78 612 722 444 236 699 1074 36 1271 361 125 1120 389 260 277 730 818 1233 1513 329 1401 1026 1252 584 38 258 181 1211 1379 822
380 58 140 769 189
381 216 38 113 672 1022 44 876 367 500 646 356 277 1195 1219 236 473 798 613 612 240 623 152 973 93 357 118 351 329 182 534 1206 480 730 323 58 482 32 1020 408 5 632 63 54 1056 501 725 217
382 719 140 511 860 72 364 153 604 930 280 60 142 157 77 391 1 24
383 1046 1047 225 283 454 49 1072 766 723 186 345 498 304 91 89 318 533 238 821 355 357 241 161 108 100 189 5 96 949 174 191 763 315 57 361 367 78 920 254 508 329 480 537 600 512 179 216 66 625 692 273 660 574 433 232 1
384 1225 49 40 89 387 568 1 24
385 216 64 571 273 240 5 753 329 189 618 113 297 239 725 330 169 213 137 538 569 574 436 36 101 502
386 185 1 71 94 492 568 31 251 661 638 389 538 440 139 480 275 571 856 260 818 161 58 360 537 30 189 10 93 694 238 795 130 672 273 357 52 719 751
387 614 297 936 1217 1116 98 357 957 204 972 630 161 452 321 960 87
388 834 201 101 338 182 140 41 57 431 156 357 96 216 114 22 209 719 31 112 135 70 329 99 307 208 102 492 408 217 247 613 191
389 161 325 440 101 358 239 347 31 10 283 252 52 320 88 217 244 357 24
390 12 403 531
391 209 185 216 660 238 1 101 541 137 174 795 145 189 351 199 118 94 273 57 673 49 730 275 384 260 161 357 307
392 191 57 357 230 723 161 22 68 166 182 105 540 1399 528 622 110 26 78 471 537 231 273 873 34 99 101 319 100 725 91 888 185
393 1034 53 433 363 355 207 200 590
394 157 719
395 247 622 53 540 22 754 718 630
396 78 189 103 125 170 538 102 356 289 58 247 24 695 174 618 26
397 403 577 209 120 175 12 181 49 23 452 357
398 719 339 408 72
399 347 438 307 161 118 189 764 8 657 160 200 730 57 610 142 168 431 357 291 834 366 556 66 629 748 593 82 408 363 414 100 244 112 29 61 783 961 202 247 94 297 56 498 329 720 143 321 877 211 96 239 543 60 337
400 170 351 200 763 1107 509 232 1313 112 300 694 275 52 622 480 357 150 697 538 256 1028 734 505 699 62 161 288 118 673 247 5 492 342 220 1020 649 91 482 835 345 473 550 34 260 102 687 254 403 501 38 544 100 571 541 320 512
401 101 329 216 321 361 49 99 93 389 31 260 88
402 175 568 325 1 497 960
403 357 488 574 78 125 88 506 367 635 896 320 118 5 330 254 795 108 99 217 247 66 31 161 843 289 307 93 436 1255 492 965 1481 697 133 326 49
404 719 491
405 161 367 307 276 6 357 52 347
406 200 321 562 209 216 102 161 695
407 873 969 52 89 243 357 133 289
408 49 130 4 157 1 60 229
409 1271 98 216 571 112 78 175 333
410 552 783 130 347 28 29 216 40 66 185 566 125 136 3 475 140 285 239 101 404 79 965 1084 408 567 1024 367 232 157 60 78 99 672 114 247 98 154 387 526 273 590 293 231 333 206 693 435 111 53 58 438 115 405 46 1054 600 1461 226 207 922 22 227 801 432 73 297 433 860 351 683 547 31 423 219 240 390 299 56 62 82 34 522 1507 204 502 289 24 189 89 719 275 403 357 614 121 112 465 87 613 93 52 643 568 120 557 864 359 958 755 151 470 173 471 1277 342 143 161 320 113 166 291 948 203 914 376 200 1016 389 446 256 283 254 472 244 936 318 460
411 693 53 239 112 229 31 311 405 931 174 216 217 289 114 195 81 207 321 68 401 307 541 240 26 294 482 623
412 491 157 1473 60 280
413 238 321 611 380 260 133 186 795 319 49 357
414 600 1155 89 522 49 541 133 9 241 482 873 189
415 154 351 329 217 356 592 101 311 140 216 655 29 297 357 22
416 63 141 695 113 267 497 305 31 437
417 130 157 695 502 1 204 115
418 502 95 89 360 144 280 1167 407
419 269 355 161 216 12 60 1 351 240 4 367
420 78 36 635 275 884 200 454 660 611 361 496 66 238 174 220
421 343 594 976 391 627 1243 736 117 1225 187 1015 243 519 1103 997 815
422 72 115 719 484 652 130 325 1
423 9 538 354 200 418 66 260 856 68 342 638 71 148 333 297 601 367 103 913 329 371 73 695 191 241 408 153 612 657 52 357 482 254 751 161 174
424 501 77 1053 595 31 49 873
425 95
426 77 357 336 614 325 371 52 242 10 382 862 60
427 1 357 660 330 34 574 297 779 101 63 695
428 25 176 552 774 614 1106 77 809 530 83 971 17 103 487 60
429 299 862 141 250 321 252 267 199 373 719 231 473 357 229 101 113 1197 1114 114 200 367 479 297 275 256 30 311 112 864 895 292 1094 161 61 938 608 942 239 698 24 86 102 104 492
430 121 479 364 302 740 291 132 189 207 1455 61 201 228 271 719 431 862 564 356 693 43 751 247 475
431 1378 135 133 273 8 90 687 57 357 550 125 31 546 345 174 220 166 781 695 873 660 100 96 377 496 672 297 260 965 428 669 498 103 509 148 329 361 694 983 36 1562 89 247 828 649 56 276 101 225 186 420
432 173 357 251 77 403 445 178 117
433 133 0 77 512
434 700 1405 600 802 269 519 733 1493 199 9 1395 115 1058 353 843 680 498 1015 891 681 0 130 810
435 24
436 900 794 216 234 239 311 182
437 157 289 751 297 252 691
438 357 49 522 502 380
439 355 285 4 751 216
440 420
441 403 49 208 571 101 209 256 118 157 241 174 569 73 217 102 661 22 216 351 432
442 491 1120 115 842 568 1 1078
443 148 262 695 189 913 1155 1301 1317 491 169 574 49 1084 512 808 330 294
444 746 385 166 540 22 492 488 642 99 16 6 34 703 56 77 503 230 342 680 831 561 186 217 329 447 101 135 508 1106 796 130 498 449 108 384 397 923 1142 32 965 189 283 96 440 100 261 418 1253 5 694 647 221 275 240 1051 475 719 1179 936 225 867 1 64 629 361 277 90 356 359 557 428 657 573 638 442 453 348 254 273 884 919 66 920 1084 387 420 817 354 105 244 395 33 491 143 1028 547 367 1083 687 321
445 95 608 814 60 280 98
446 254 589 217 403 191 361 278 586 491 174 1247 456 729 668 900 1034 694 125 154 7 57 170 88 915 200 780 81 273 408 873 99 209 189 531 423 49
447 30 209 734 229 161 49 695 351 355 357 240 297 408
448 130 438 200 719 389
449 118 216 538 387 320 254 273 189 57 357 231
450 125 465 856 492 36 161 355 4 483 139 5 669
451 730 948 657 351 512 1036 942 156 297 182 5 170 189 157 612 740 649 59 239 102 260 367 629 174 161 22 56 100 101 29 307 240 333 49 389 6 299 321 217 746 431 148 718 254 93 408 1171 357 623 574 693 273 113 418 112 136 203 440 482 433 311 361 571 557 166 502 231 200 195 540 669 276 320 34 32 247
452 254 597 503 297 1180 9 427 111 502 180 189 258 277 133 115 789 433 62 1120 260 506 390 496 108 266 600 153 359 241 1
453 403 389 408 305 445 577 531 209 140 1225 161 31
454 807 133 695 58 49
455 772 502
456 594 360 48 251 719 511 60 408 652 229 130 77 420
457 189 873 595 665 157 59 404 648 600 950 1
458 491 694 276 34 238 157 427 36 1 73 104 446 230
459 239 288 157 209
460 608 325 824 1098 140 1 214 380 102 582 719 22 408 1343 101 1563
461 198 139 49 661 873 209 695
462 93 225 309 91 47 100 356 31 427 36 240 195 321 216 22 185 431 112 408 86 371 30 49 102 320 571 24 337 166 221 200 66 357 101 231 569 118 457
463 541 687 241 753 34 260 188 1481 508 238 905 174 1047 384 239 669 538 867 289
464 357 242 371 600 120
465 122 530 363 389 726 1128 846 7
466 229 32 157 367 458 305 52 1348 467 112 590 200 442 573 201 435 177 698 338 685 355 375 60 233 142 121 654 447 24 421 354 76 431 175 1042 165 207 530 247 549 368 261 1237 291 182 778 361 216 209 208 1004 27 252 256 297 403 471 219 352 191 3 269 719 14 796 1054 758 557 239 307 321 231 147 347 100 161 1101 278 363 829 607 101 364 249 938 1023 613 456 288 156 542 771 465 50 136 226 82 474 12 552
467 141 661 139 665 89 502 30 355
468 389 78 754 311 571 241 49 5 630 254 172 6 156 475 449 161 29 512 53 347 767 52 229 275 256 4 112 34 36 888 506 118 321 509 500 309 209 174 31 695 68 93 569 541 622 687 342 244 297 191 1168 133 538 942 428 356 657 357 488 665 217 492 783 465 476 1 239 276 230 725 753 432 371 887 62 325 289 629 320 660 867 317 101 273 200 431 58
469 49 630 339 1098
470 34 794 342 307 367 321
471 124 276 33 177 86 360 718 633 1067 1019 447 89
472 56 200 103 695 99 60 377 31 614 77 166 240 734 751 64 8 201 875 979 297
473 367 101 896 440 189 52 24 647 584 321 256 157 200 931 538 235 629 661 389 78 5 740 180 277
474 482 101 638 71 389 567
475 581 622 166 105 488 326 221 482 600 9 423 91
476 719
477 198 474 600 357 182
478 423 112 102 629 6 182 670 157 24 179 200 191 216 427 1034 433 357 68 253 320 10 474 431 719 247 321 438 52 12 936 66 156 76 101 471 221
479 0 1200 1
480 120 512 223 157 189 209 950 873 133 851 1479 45 58 502 522 357
481 178 746 427 140 297 936 6 942 547 456 34 53 179 366 208 153 143 256 156 444 233 101 652 801 640 733 141 134 320 557 102 364 474 629 24 87 283 231 864 399 157 822 311 130 22 49 552 438 960 1583
482 227 547 239 482 244
483 1436 130 252 608 1 641 609 890 930 928 391 325 43 839 331 1561 1023 630 157 48 261 1257 115 755 4 1121 51
484 371 357 189 198
485 942 660 141 395 512 873 49 541 665 496
486 200 189 538 359 508 0 754 216
487 191 261 354 403 231 49 347 822 25 156 754 657 686 43 6 200 161 311 371 26 357 157 574 52 140 158 174 199 408 93 240 309 317 256 557
488 239 256 357 49 101 68 66 12 240 203 56 652
489 101 309 221 858 122 474 123 216 113 181 208 161 198 12 338 20 303 710 746 1008 364 195 818 1037 7 357 647 240 99 253 452 367 373 112 947 79 103 182 239 31 801 559 740 622 1295 57 70 229 192 307 354 326 6 561 796 311 52 531 29 156 82 458 321 403 9 65 467 563 492 167 888 256
490 931 733 734 547 462 52 477 220 921 421 217 357 321 161 254 216 188 822
491 456 367 189 257 359 207 321 152 822 52 408 351
492 730 273 822 67 506 250 351 217 288 378 1108
493 538 108 509 66 115 690 200 1310 677 389 660 191 130 240 1098 174 950 522 297 235 719 254 550 10
494 129 802 288 695 216 734 181 30 587 355 118 108 139 384 125 642
495 189 355 266 392
496 60 269 252 594
497 52 488 395 189 321 148 719 965 46 421 611 504 496 30 59 311 670 942 260 258 843 91 367 200 290 307 694 969 347 166 357 89 1069 188 66 100 795 154 220 407 638 57 50 139 337 24 449 567 1546 758 29 1316 1063 156 101 256 99 491 623 669 380 595 482 273 31 49
498 866 60 220 309 1143 100 157 208 10 31 200 623 394 20 189 472 173 361 142
499 91 293 283 220 99 62 433 408
500 729 357 618 230 311 36 264 231 356 436 753 384 345 256 288 29 244 57 347 622 191 207 52 359 201 428 801 367 417 389 364 694 26 179 309 640 794 156 99 660 238 101 561 34
501 252 85 704 507 144 594 335 452 117 872 652 890 269 1 136 630 98 1159 268 666 153 115 325 175 213 10 12 719 274 985 1000 403 305 357 278 350 60 1402 261
502 161 371 93 24 166 796 103 571 475 754 5 361 88 57 100 254 240 96 581 108
503 357 60 1
504 652 719
505 420 719 269 851
506 235 200 229 320 657 216 141 289
507 140 6 52 12 144 357 350 347
508 102 207 236 1 693 24 57 247 180 366 226 734 347 557 89 423 182 471 195 719 277 321 209 101 284 320 357 166 254 83 418 297 794
509 652
510 1098 357 277 465 289
511 652 849 89 357 157
512 86 63 416 97 12 490 23 141 445 140 597 695 552 403 190 862
513 1465 1017 1421 620 1166 1398 955 1448 627 641 585 995 1078 1395 925 930 1436 719 1121 391 751 353 1561 255 248
514 491 0 289 666 72
515 292 139 198 297
516 49 561 258 492 297 730 618 260 94 888 118 78
517 612 92 592 0 528 693 1375 357 977 852 449 96 491 512 52 236 389 247 303 34 665 445 562 24 423 380 550 347 1317 11 336 8 133 1001 157 177 273 10 50
518 725 217 465 356 359 492 189 657 1097 289 49 320 302 137 1246 698 501 276 83 220 873 538 694 342 513 226 496 91 242 166 646 46 1349 133 462 968 94 96
519 695 86 103 491
520 491 325 643 180 1084 24 427 993 357 355 49 1
521 189 247 1097 512 562 276 408 108 574 225 599 635 329 629 209 49 145 356 692 697 256 221 538 161 571 361 254 359 436
522 557 390 660 357 34 101 52 347 321 693 864
523 104 139
524 185 240 330 254 239 53 176
525 815 144 681 1 289 72 666
526 36 26 166 100 207 431 438 654 102 614 58 347 725 227 97 204 406 46 1370 938 518 948 201 291 652 110 367 54 1 140 345 115 229 112 746 531 240 103 1315 62 135 121 273 1179 577 3 694 150 232 502 618 24 142 900 320 475 552 182 4 37 469 1049 293 565 613 172 643 446 745 200 47 211 52 474 831 49 99 310 254 174 566 354 230 231 156 1028 78 1038 130 209 936 40 719 226 28 433 537 506
527 357 628 189 258 99 12 201 52 719 347 220 49 59 273 590 57 550 725 552 200
528 158 140 196 204 613 413 893 798 862 120 364 731 1091 452 141 95 24 280 1210 267
529 129 475 616 965 242 479 1016 923 367 888 57 93 390 222 247 186 108 622 501 347 174 321 220 470 660 513 315 330 547 290 502 496 34 936 567 568 239 587 99 284 623 337 225 569 49 81 157
530 101 56 474 6 191 357 887 538 303 236 253 746 200 693 264 118 418 99 277 161 207 309 567 5 347 281 482 449 476 91 78 180 498 367 1037 593 389 182 283 66
531 260 725 535 118 863 524 189 5
532 254 99 31 191 320 329 244 189 359 408 200 275
533 92 436 0 1069 174 221 1180 273 856 243 191 491 100 568
534 49 357 502 58
535 347 310 465 135 52 10 389 629 357 173 29 385 159 529 544 309 488 122 1049 156 283 6 5 161
536 216 254 94 189 337 730 240 480
537 118 690 482 374 5 216 260 297
538 719 1
539 347 182 531 338 309 24 52 10 474 102 403 321 1177 31
540 23 31 4 314 216 165 416 184 209 516 527 52 113 357 75 61
541 630 842 719 1
542 141 23 452 660 12 864 960 36 137 209 297 94 496 403 462 719 138 49 361 446 76 351 10 506 156 750 364 758 216 399 504 357 652
543 357 58 189 24 157
544 144 1167 511 357 60 403 98 52 719
545 801 698 72 358 409 814 710 408 100 421 200 669 630 476 403 456 118 583 68 285 364 329 361 506 207 296 32 189 120 368 111 513 156 734 468 216 121 1036 657 31 12 872 809 351 23 204 326 173 474 646 233 571 386 22 197 98 130 608 613 229 166 369 140 794 317 399 647 112 325 26 253 1016 356 307 235 365 1312 1034 477 549 1008 65 725 425 267 36 614 145 499 676 359 227 209 746 340 240 151 367 900 758 83 834 431 333 93 320 479 528 239
546 326 538 408 66 546 319 31 6 217 103 5 480 125 36 241 58 795 436 329 49 230 482 94 982 273 221 384 89 78 315 843
547 31 191 182 156 101 200 244 474
548 1196 896 512 491 277 52 568 357 350
549 43 99 730 230 125 170 100 225 239 36 297 920 359 260 189 723 185 319 200 161
550 389 223 571 102 235 297 153 767 921 139 713 273
551 665 1084 242 1069 648 59
552 317 325 254 275 200 166 982 191 758 53 22 230
553 157 30 260 496 217 256 49 297 189 174
554 94 209 294 4 141 1255 297 1428 50 256 965 822
555 154 299 254 544 232 931 70 293 56 22 189 118 101 34 361 321 357 33
556 438 357 77 177 10
557 473 492 262 1354 856 702 188 210 423 908 1114 822 1127 693 1322 92 58
558 1334 0 690 740 1056 136 567 189 730 779 303 669 49 71 141 856 147 260 517
559 640 694 1460 595 174 599 141 99 186 311 475 428 1097 673 351 330 367 427 36 939 288 317 125 361 466 260 38 5 697 492 235 936 920 217 359 108 660 189 1020 496
560 884 5 1072 795 36 125 673 174
561 387 357 103 502 1069 289 157
562 243 346
563 873 502
564 342 225
565 157 117 491 1078 568 863 214 49
566 321 102 156 240 200
567 178 423 108 209
568 26 358 931 114 212 367 46 445 547 629 748 24 6 338 309 973 203 471 321 239 456 683 1016 550 746 53 101 170 434 244 111
569 719
570 693 166 36 321 276 157 34 622
571 52 360 350 305 382 157 252 269 357 647
572 63 49 222 502 1389 512 189 648 876
573 115 534 209 357 355 427 63
574 297 139 288 209 240 541 587 284 982 174 431
575 719 182
576 509 1428 780 262 449 942 690 423 977 1334 508 618 567 1255 1481
577 142 456 249 141 14 1009 136 403 233 338 6 720
578 130 331 751 719
579 383 358 247 480 56 184 68 280 630 348 8 176 244 647 130 161 150 135 546 591 142 220 385 515 424 479 100 693 285 121 1107 698 110 403 518 734 120 471 293 554 226 321 396 208 540 52 820 231 152 1054 393 389 80 557 566 526 816 139 443 297
580 719 60 339 881 95 1167 652 130 376 280 206
581 512 371 387 49 133 289 665 1059
582 410 254 329 9 49 240 512 380
583 873 357 247 969 479 179 60 128 180 44 373 597 740 522 200 359 284 273 734 243 216 157 329 141 863 130 38 367 492 277 148 239 380 244 242 238 101 63 888 719 569 229 49 819 22 133 1195 321 297 1325 1480 730 518 174 595 371 32 623 806 389 505 614 295 29 254 798 808 31 138 317 427 0 722 100 19 431 470 170 185 1219 483 280 161 266 457 154 979 311 1022 94 499 191 1 751 108 236 139 267 68 390 466 53 140 512 30 695 408 502 201 102 355 950 501 337 62 153
584 1028 53 166 423 291 49 693 191 540 488 445 46 321 240 465 456 289 1024 526 31 216 435 654 113 177 647 221 200
585 58
586 128 242 103 52 355 1206 133 661
587 719 98 357
588 652 153 427 68 357 600 530 360
589 719 115 157 681
590 647 376 77 83 228 131 809 1192 177 17 614 302
591 189 622 311 229 217 618 46 408 58 145 102 216 437 538
592 52 492 529 614 88 44 100 157 993 321 367 357
593 357 189 52 140 95
594 229 161 52 175 635 152 1430 297 719 305
595 29 617 170 394
596 189 1168 148 68 220 31 200 174 299 254 888 60 49 99 754 623 100 240 387 133 191 610 374 156
597 544 68 307 452 102 614 229 182 1024 239 207 408 57 465 174 50 276 100 208 161 693 217 506 935 101 216 254 309 86 118 719 311 166 529 113 256 73 112 103 333 1034 49 613 1016 367 233 492 816 569 321 494 280 427 1036 52 357
598 538 342 729 694 216
599 1051 203 896 442 234 654 329 201 31 965 361 1155 53 816 89 431 465 169 318 394 240 418 216 229 690 884 958 36 9 111 154 94 693 593 125 326
600 487 40 180 484 512
601 174 293 56 66 297 221 135 200 189 361 540 3 159 31 78
602 652 214 289 139 213 4 955 839 751 130 115
603 593 1034 89
604 157 239 387 34 130 622 186 357 200 969 311 753
605 49 177 24 452 181
606 599 699 275 189 34 767 440 243 342 185 288 561 359 94 649 93 498 57 989 240 66 367 254 730
607 115 130 289 719 1
608 361 940 113 730 819
609 361 156 357 367 730 200 57 320 140 66 345 62 94 31 359 189 50 52
610 140 82 46 758 629 719 157 652 23 201 256 408 231 114 437 22 359 368 112
611 309 27 95 403 1073 151 413 554 935 24 407 57 68 971 215 150 820 719 101 954 144 598 159 231 228 363
612 118 52 142 140 644 103 382 49 192 161 10 102 835 887 114 547 269 698 470 357 719 201 88 399
613 297 888 50 71 22 216 357 638 580 418 180 278 217 114 239 373 351 277 693 12 796 49 93 567 690 31 102 112 321 156 189
614 357 89 247 174 622 488 105 52
615 357 130 512 289 695 133 719
616 102 649 277 174 118
617 289 719 508 130
618 492 979 145 390 53 200 256 797 3 725 311 49 273 408 571 209 230 359 275 269
619 960 925 1 343 736 346 652 302 810 751 60 280 420 0 860 85 928
620 754 359 540 247 140 273 460 654 476 357 118 465 356 239 452 68 57 547 161 408 275 801 979 104 31 297 83 629 431 32 100 94 101 321 148 347 623 191 22 49 28 646
621 173 140 177 228 130 153 77 166 31 364 229
622 102 161 156 78 373 307 174 405 345 52 238 618 801 101 357 100 56 480 112 26 239 321
623 156
624 77 1 289 719 403 325 189 355 502 130 695
625 491 863 43 30
626 12 340 157 719 403 49 222 23 188 68
627 72 180 1560 17
628 52 22 474 258 6 368 307 247 101 114
629 485 299 843 449 670 185 795 567
630 396 321 114 247 557 808 550 240 297 115 307 367 239 216 200 63 591 1116 347 1 156 260 146 179 571 649 856 85 719 532 236 101 646 491 373 399 195
631 241 1145 512 0 346 538 541 260 94 290 235
632 418 733 375 555 347 220 357 1024 340 339 167 95 704 328 33 717 577 832 318 68 382 309 285 1237 305 14 142 24 576 389 231 110 799 308 302 11 226 8 709 56 101 719 544 693 367 434 1100 291 102 638 192 435 607 726 77 364 468 531 471 3 321 433 575 656 70 846 307 332 106 55 114
633 216 241 547 96 371 49 112 24 94 367 93 725 297 323 501 695 361 61 100 488 413 622 189 351 5 30 50
634 652 10 403 860 51
635 492 273 288 67 561 113 574 81 93 5 258 174 66 260 541 38 108 735 200 254 96 169 330 673 496 475 361
636 719
637 408 240 321 556 145
638 102 40 317 88 34 254 97 471 373 101 156 112 114 1020 201 145 321 52 513 258 474 144 503 923 291 618 161 277 179 24 948 363 83 12 174 50 367 1073 361 241 89 256 354 247 29 96 296
639 24 298 120 140
640 784 357 78 241 56 260 174 96 321
641 380 0 58 491 1
642 318
643 357 476 693 740 571 557 175 408 189 112 207 216 217 307 101 333
644 200 12 719 444 357 816 408 471 156 321 101 277 6 465 600 204 652 22 498 89 347 382 612 56 53
645 1071 843 359 991 819 680 1199 156 108 189 863 137
646 1120
647 95 83 491
648 389 356 58 942 103 216 657 185 180
649 225 965 135 189 114 981 436 56 145 94 719 936 884 920 99 320 288 273 154 125 36 185 9 238 8 216 1410 254 599
650 367 103 321
651 100 78 26 180 166 367 91 471 156 638 34 22 479 389 161 71 52 101 118 449 200 347 217 24 58 361 182
652 1059 534 512 1528 30
653 229 130 487 251 102 240 357 189 280 260 359 371 719 216 614 297 734
654 217 359 488 186 108 405 277 981 161 920 189 125 241 36 473 78 297 88 695 754 357 512 180 384 729 496 307 660
655 351 66 382 191
656 256 47 492 179 275 897 767 635 5 1 58 359 475 260 200 1056 113 491 1046 289 699 697 189 511 317 496 91
657 512 623 629 873 200 546 730 130 53 9 491 471 240 502
658 347 600 130 1167 491 226
659 299 189 612 867 297 357 24 103 180 697 359 52 538 730 58 496
660 694 182 78 660 125 488 384 110 241 36 238
661 305 114 247 157 97 219 46 249 47 102 364 456 297 201 10 531 357 895 52 347 217 101 25 60 861 296 291 543
662 173 86 89 58
663 214 243 115 130 325 754 511 751
664 189 647 140 552 614 364 719
665 380 333 460 1579 818 200 509 1575 1120
666 6 52 214 277 161 357 24 10 100 200 612 302 1281 321 239 408 367 98 32 1
667 104 152 117 139 242 652 529 95 501 60 158
668 24 695 49 189
669 52 240 623 471 367 357 693 261 321 289
670 695 180 277 512 200 371 133 357
671 289 95 903 360 115
672 1034 208 499 431 357 3 189 547 52 130 57 239 297 88 103 30 351 408 139 53 359 26 227 640
673 538 251 1 359 216 220 100
674 77 794 231 389 174 68 244 161
675 31 5 284 359 571 137 240 361 725 239 856 260 43 480 629 888 96 356 235 108 754 78 189 118 297 979 170 216 111 321 730 273 622 195 93 185 816 81 585 496
676 719 139
677 60 594 206 274 48 860 755 339 891 1548 85 40 997 1166 976 666 691
678 209 305 12 198 68 175 403 98 357 136 652
679 211 31 239 622 329 96 240
680 36 24 856 581 319 200 361 185 818 356 239 438 725 156
681 247 267
682 240 719 170 320 888 440 137
683 254 53 502 275 357 403 408 273 31 231 101 546 52 57 320 100 230 311 189 145 538 105 91 1397 62 618 191 118 174 200 657 1115 34 218 694 725
684 568 1184 4 0 1027
685 561 214 325 104 66 1 807 502
686 1114 404 141 371 1 861 28 0 873 139 24 261 600 566 501 175 781 652 41 357 960 209 98 189 406 10 30 266 849
687 693 357 767 347 482 161
688 157 331 1031
689 52 357 321
690 512 630 49 325 115 357 130 807 89 873
691 182 719 12 157
692 10 357 77 23 52 68
693 725 319 342 357 185 99 546 496 537 78 36 200 105 130 118 454 611 31 50 289 273 729
694 1061 153 6 403 239 24 652 846 89 101 647 543 201 177 156 200 408 375 212 417 577 14 97 12 347 318 84 296 231
695 357 608 552
696 333 856 1575 289 664 540 96 254 669 665 49 1180 697 1098 389 902 465 1360 1571 534 1236 148 346 184 657 200 568 284 174 712 449 522 188 250
697 24 376 357 719 177 445 406 77 1106 157 23 568 302
698 239 112 408 471 359 101 102 216 189 456 647 338 229 161 29 354 65 357 823 256 200
699 94 260 359 730 118 50 1047 125
700 491 174 318 148 449 53 509 751 1063 316 100 1016 188 73 257 1024 217 28 389 877 56 642 254 8 540 643 856 99 473 612 39 567 277 200 130 285 260 465 9 733 236 665 377 498 681 66 355 161 508 411 89
701 308 20 114 80 320 417 52 15 231 201 521 366 438 318 556 264 176 27 472 431 321 347 309 291 316 161 983 396
702 214
703 52 357 652 136 87 305 233 140
704 179 663 32 200 6 778 456 156 24 734 239 471 725 207 321 311 141 78
705 200 174 529 89 56 53 34 601 550 418 254 9 99 220 231 24 225 240 546 384 342 657 284 725 137 189 170 62 471 238 66 629 244 239 273 6 480 108 78 357 723 408 914 10 884 5 694 936 101 50 96 361 166 21 366 103 538 191 260 403 438 110 216 390 567 347 17 77 91 1016 88 58 652 473
706 487 86 427 139 51 1 355 30 647 45 104 77 387 652 1192 491 364 681 719
707 131 652 120 364 136 261 68
708 623 465 200 191 239 176 31
709 1078 1 1343 289 1120
710 357 98 240 528 652 657 408 53 34 815 288 321 492 120 166 172 52 418 161 101 375 158 471 57 465 289 491 315 573
711 103 280 302 98 403
712 367 175
713 511 130 719
714 49 289 280 1069 1229
715 823 1018 95 107
716 479 506 359 734 73 121 1020 33 690 423 518 277 746 217 367 150 305 612 17 471 307 54
717 49
718 554
719 157 49 491 10 644
720 273 730 240 528 166 299 320 191 53 66 238 1118 856 56 567 657 239 482 1063
721 376 824 72 289 48 668
722 1069 133 266 148 873 58 59
723 965 56 200 567 99 110
724 873 289 0 357
725 58 1285 648
726 307 288 189 351 359 5 730 157
727 200 725 571 256 102 347 191 36 114 101 22 217 311 32 657 180 277 321 182 150
728 997 191 49 102 1607 62 43 1512 320 404
729 289 1
730 31 99 186 82 66 6 260 101 78 408 357 53 240 185
731 157 49 133 189
732 1022 49 969 807 243 695 1 400
733 189 36 242 569 660
734 454 482 982 49 31 873 157 552
735 52 354 156 357 22 179 161 247 114
736 96 94 623 50 170 21 243 571 436 256 154 496 547 843 342 99 105 238 5 1072 729 923 428 529 118 725 562 500 135 480 180 1127 433 632 232 1 646 460 198 340 357 66 62 320 920 508 309 498 184 78 139 242 694 315 908 610 216 629 950 719 220 795 29 884 174 544 31 492 753 581 229 70 110 36 9 550 128 191 982 750 863 57 244 355 317 389 887 240 723 200 359 285 299 767 540 512 202 356 345 137 936 586 319 819 91 125 669 239 181 699 260 102 361
737 101 157 311 357 305 217 307 288 657 200
738 552 864 1016 88 103 22 229 1241 275 161 68 112 191 34 182 321 36 367 283 488 256 354 231 78 241 99 102 207 345 342 62 31 480 544 436 269 936 431 333 101 528 408
739 404 185 73 544 485 498 488 357 546 52 174 734 367 491 34 26 32 547 433 31 471 693 56
740 269 60 380 43 339 1 104
741 58 241 174 275 244 95 309 66 660 31
742 695 530 68
743 72 491 157 289
744 36 185 49 399 882
745 47 973 506 311 58 157
746 118 189 181 209 145 661 1006 1226 216 221 487 405 497 239 965 303 289 191 562 1047 630 183 514 1 78 657 133 67 648 97 254 49 1453 174 694 179 241 10 486 256 896 739 95 567 5 468 660 307 672 506 466 36 329 238 326 503 373 31 199 389 113 418 836 1219 125 1177 258 950 88 108 333 103 920 856 707 260 665 818 321 873 55 284 492 112 367 1120 56 534 623 822 355
747 87 652 24 403 140 364 98 12 176
748 752 8 358 1203
749 25 577 52 357 742 68 77
750 1 355 570 321
751 89 1094 852 411 423 216 39 169 299 517 1354 12 460 367 92 50 49 574 1022 330 118
752 56 309 99 433 50 360 101 403 100 26 140 239 1028
753 512 189 0 289 295 148 133 734
754 260 189 1020 200 367 96 262 99 389 590 725 5 471
755 690 31 49 161 475 12 174 856 581 1378 50 920 733
756 321 24 652 719 133 502 189 130
757 491 83
758 242 24 63 86 652 648 360 647 103 209 534 68 644 157 175 133 222 213 355 89 30 280 305 140 1084 49
759 693 77 157 471 610 89 309 276 722 24 191 180 236 166 40 335 389 68 433
760 251 719 325 98 157 608 117
761 277 699 330 199 133 333 1239 157 492 169 88 299 503 93 359 52 161 63 574 367 856 1026 1230
762 492 329 253 982 179 54 571 670
763 842 43 214 115 325
764 29 367 189 538 408 436 5 730 357 1047 587 471 108 174 460 101
765 367 240 216 140 888 734 1119 179 247 295 571 502 438
766 229 226 734 113
767 52 106 112 157 95 23
768 264 275 220 240 320 57 161 62 359 538 200 347 238 247 91
769 174 49 5 189 725 101 359 52 118 357 161 260
770 860 719 98 130
771 4 950 269 104
772 491 719 157 860
773 256 491 357 101
774 113 200 100 433 161 209 57 220 502 471 77 309 240 83 99 235
775 511 72 115 157 719
776 31 174 256 220 200 436 297 239 49 801 275 100 1115 289 505 91 46 311 217 57 618 754
777 189 355 502 357 371 695 501
778 593 1205 31 734 365 140 68 141 153 166
779 43 357 652 52 502 380
780 402
781 95 661 103 357 189
782 0 355 357 329 108 613 597 491 189 133 665 512 148
783 49 389 93 86 433 367 288 209
784 547 99 367 101 226 47 140 311 1397 261 244 135 31 403 216 325 147 485 269 677 53 321 256 12 543 801 633 278 52 293 438 359 526 217 433 357 435 103 241 630 297 174 8 191 182 15 291 221 153 456 427 474 305 366 584 9 10 22 77 186 6 247 56 113 1028 136 114
785 357 310 52 10
786 17 106 175 321 600 339 136 716 110 276 375 26 56 403 706 6 498 820 357 52
787 125 157 496 321 101
788 420 623
789 881 95 60 652 280 404 98 48 594
790 144 209 29 157 860 61 832 268
791 289 950 807 0 491
792 231 200 235 550 444 347 244 24 373 12 613 52 795 618 78 112 438 239 367 91 408 51 154 275 58 145 31 697 102 99 561 36 10 240
793 355 746 154 367 1108 113 256 329 249 452 148 288 623 88 1014 529 273 1138 1206 252 757 103 209 534 399 232 315 190 491 337 510 290 295 144 482 1017 677 352 8 460 1573 649 947 31 371
794 356 496 217 247 22 110 220 538 297 26 99 311 357 492 216 347 359 180 1056 135 288 56 189 101
795 135 1090 480 657 507 6 300 408 1422 309 110 8 801 538 719 820 101 62 220 537 275 156 118 52 368 954 161 433 230 746 293 709 936 652 50 165
796 95 1 115 863 719 751 116 223
797 130 98 104 1 325
798 404 268 860 95 280 719 251 1098 491 652 98
799 404 40 72 157 144 289 652
800 95 175 280 652
801 960 261
802 321 174 256 240 754 99 7 102 244 552 100 1016 340 816 113 357 52 161 50 254 203 697 729 9 379 936 88 57 424 418 547 293 767 24 309 470 474 1046 320 612 56 1460 66 1241 488 482 220
803 691 719 95 608
804 140 141
805 1 261 243 60
806 1414 73 751 325 4 652 1 289
807 60 719 280 1
808 571 320 89 101 239 387 993 68 100 567 240 200 29 24 66 460 156 17 344 216 238 471 259 302 77 241 26 1037
809 180
810 342 923 864 254 209 320 170 22 355 408 366 53 547 527 289 57 499 166 273 161 317 432 649 32 239 31 5 200 389 465 321 191 740 503 49 216 359 496 284 217 34 47 329 390 101 357 431 108
811 57 1091 209 153 531 101 311 297 140 1182 25 265 114 117 305 552 731 51 536 298 165 403 136 112 331 12 476
812 719 354 161 357 399 796 527 101 216 252 189 52 112 311 408 152 698 6 217 437 145
813 491
814 1069 341 169 910 751 960 67 574
815 730 200 460
816 191 49 538 408 387 725 357 719 52 179 622 78 758 6 347 31 161 433 91 241 5 197 32 368 101 66
817 102 52 130 305 101 153 357 209 297 239 1114 36 719 22
818 719
819 751 359 250 189 88 506 611 361 256 1487 112 496 93 583 102 145 508 692 505 367 217 242 356 260 730 640 269 4 94 38 1055 153
820 491 719 420 371 60 189 357 355 325 630 280 695
821 331 56 587 528 496 546 949 540 273 492 719 687 524 1016 240 571 1028 320 53 347 220 200 374 86 191 818 68 611 29 100 884
822 297 571 488 384 660 856 496 730 200 36 491 420 303 561 1 359
823 600 360 103 552
824 321 340 52 200 428 492 56 89 209 367 360 216 161 63 157 238 24 712 693 10 135
825 355 512 1226 357 140
826 302 57 697 118 638 517 897 31 91 29 99 277 475 333 541 999 506 329 480 431 969 571 389 5 71 216 273 58 476 154 669 449 367 258 67 454 243 693 326 174 108 488 321 112 135 754 982 592 49 241 436 583 133 781 179 304 482 94 723 36
827 608 289 104 719 890 1220 157
828 139 491 960 751 736 1
829 256 1026 118 269 209
830 357 191 166 52 613 321 693 733
831 72 289
832 476 725 36 1168 105 32 174 249 230 399 9 488 100 307 571 349 182 137 1241 329 694 491 78 754 357 21 1227 947 482 147 496 729 723 367 254 442 753 300 179 801 611 492 56 326 191 373 734 47 189 205 354 361 401 261 241 142 797 110 96 216 235 541 646 6 229 938 5 101 29 660 506 657 394 284 129 217 337 504 297 632 143 1 135 244
833 619 157 198 321 45 557 404 360 1215 1387
834 150 95 1115 38 767 503 795 78 690 247 200 53 135 93 947 159 161 552 26 71 677 649 867 753 88 217 699 590 36 401 492 989 366 86 5 231 302 240 802 195 599 949 186 52 179 91 550 896 528 244 638 981 1006 856 154 108 354 299 110 136 435 230 1509 307 496 66 101 303 518 67 357 273 221 241 260
835 971 56 161 68 60 153 433 589 101 1028 403 220 29 643 273 518
836 247 96 867 476 389 321 652 347 161 816 182 68 101 403 364 78 52 231 95 309 320 367 471 105 201 408 238 357 191 135
837 646 229 130 657 161 136 364 329 357 87 141 269 22 356 4 922 305 184 239 250 751 216 499 1 408 189 1219 153 280 204 570 523
838 180 58 357 816
839 652 851
840 200 113 534 427 378 60 329 389 297 49 502 239 873 216
841 115 325 719 630 130
842 666 355 665 600
843 502 890 189
844 382 518 365 762 134 745 487 173
845 108 512 438 423
846 856 360 473 9 89 92 693 887 977 767 568 0
847 357 189 60 676 5 235 166 52 452 906 239 408 635 403 695 288 83 275 36 660 256 140 492 352 78 354 364 330 156 182 321 49 269 161 356 56 1020 113 888 697 1036 188 574 99 101 647 431 531 405 855 342 12 10 571 814 112 209 165 317 305 169 118 217 31 174 53 41 1028 816 100
848 1098 280 325 860 810 157 719 4 139 380 497 98 43 213 652 104 511
849 180 357 141 229 260 408 321 873 31 311 209 100 239 174 695 216 547 329 24 337 99 22 529 297 49 120 52 170 612 179 289 136 57 1016 502 102 101 198 26 629 471 506 220 231 556 191 600 498 280 226 82 623 200 277 157 181 390 460
850 209 277 63 1 597 739 152
851 78 94 118 200 102 101 581 112 347 818 182 31 360 538 357 355 52 288 960 371 690 307 629 408 660 239 502 1453 5 216 99 297 289 864 174 418 822 1401 517 36 471 209
852 292 256 629 103 347 371 185 158 413 936 514 357 182 235 183 180 236 378 94 444 52 294 169 1097 239 277 612 111 152
853 514 58 49 189 103
854 36 137 230 174 730 657 160 942 216 101 108 669 356 125 24 317 390 785 239 189 99 547 660 502 273 808
855 101 145 1 357 408 216 321 719 157 102 960 189 764 112 161 347 359 62 860 156 356
856 60 881 719 652 647
857 420 719
858 240 189 888 108
859 732 277 508 108 199 669 5 321 629 137 297 67 808 920 256 280 357 239 538 31 101 216 733 822 38 571 342 57
860 170 1069 319 657 538 200
861 58 330 574 856 311 423 150 216 31 333 133 169
862 66 753 498 70 99 920 5 767 200 133 512 239
863 614 189 445 552
864 629 446 247 357 52 356 184 297 4 130 36 361 873 49 22 734 311 630 571 208 471 30 201 239 96 216 57 240 646 1 145 128 29 189 10 359
865 550 571 447 1168 12 492 31 140 154 101 260 280 84 6 695 403 754 62 552 753 3 240 20 730 866 32 239 361 408 275 56 135 471 230 632
866 32 58 247 321 309 307 244 68 389 9 77 12 899 443 99 66 112 231 182 367 135 357 161 217 725 573 175 57 89 100 156 24 101 31 618 361 96 145 254 118 52 201 480 275
867 209 501 943 527 276 1245 767 263 640 323 262 367 505 1047 299 330 51 148 830 942 417 260 475 217 844 500 665 699 485 288 82 697 609 175 144 189 695 16 982 1448 1658 429 361 10 630 360 517 342 256 221 561 169 530 216 137 1566 1120 1 991 395 67 1534 873 134 779 512 258 188
868 502 491 492 669 377 157 49 92 767 733
869 347 24 423 320 236 77 200 465
870 452 1006 321 209 456 200 501 161 629 660 355 156 185 139 266 383 483 502 297 254 166 571 239 26 11 734 365
871 402 935 849 24 83 327 1143 347 1517 52 155 1028 438 480 794 292 529 1077 547 543 358 613 771 525 614 200 803 311 518 816 337 95 471 122 938 278 514 413 1383 408 161 179 159 552 403 10 340 198 23 103 444 1178 203 50 7 971 216 56 721 357 283 346 158 126
872 491 586 289 365 108
873 1435 53 216 501 299 307 58 321 239 221 34 229 67 185 822 371 297 987 808 249 277 78
874 161 66 118 125 58 622 260 57 496 101 367 882 440 29 357 78 505 94 189 289 112 240 5 100 34 492 359 888 660 1026 103 361 692 719
875 151 120 259 86 1294 512 647 719 289 77 566 17 49 686 445 173
876 260 547 436 189 319 271 217 321 254 948 320 22 406 297 920 506 359 185 101 57 49 161 433 357 356 311 692 99 251 795 221 100 284 1046 694 730 300 112 592 156 389 240 550 58 118 673 571 504 31 485 750 241 191 200 561 1168 186
877 216 24 136 161 456
878 780 125 290 1155 508 574 297 492 59 67 843 330 341 695 848 779 262 482
879 52 432 357 89 103
880 750 936 141 31 244 101 182 166 260 359 635 217 408 349 357 389 43 33 693 482 77 506 238 52 189 321 571 161 723 465 46 896
881 24 278 531 195 189 307 971 103 34 201 56 145 36 191 112 113 54 408 231 100 456 320 256 309 249 357 488 635 583 936 7 208 29 57 70 480 31 342 283 154 62 156 96 1028 91 232 311 23 99 160 317 888 445 293 403 60
882 568 43 325 630 691
883 1063 93 166 88 647 99 26 156 357 403 221 157 677 101 66
884 505
885 408 297 182 22 173 201 102 476 1538 456 101 135 230 474 633 471 526 1439 409 231 283 820 556 528 622 34 161 978 112 435 24 247
886 200 357 58 311 78 428 22 254
887 49 200 356 695 254 94 359 529 888 623 216 31 307 361 492 646 337 154 571 561 431 317 239 351 432 297 66 614 661 329 342
888 360 518 348 77 89 17 177
889 1
890 862 643 695 289
891 614 49 257 97 204 111 17 932 531 9 452 407 716 222 428 151 280 235 1114 472 654 862 179 490 73 31 200 89 230 693 406 22 1136 372 1179 289 33 765 140 51 318 120 293 102 1182 443 356 971 453 400 1215 742 682 1067 1069 87 309 719 86 156 298 475 196 130 797 1034 365 1028 175 528 75 336 28 83 718 435 501
892 31 220 66 99 200
893 669 665 89 652 1378 460 71 638 1002 92 9
894 357 101 189
895 622 361 377 56 482 417 816 307 702 125 276 93 221 7 321 103 431 36 254
896 100 174 56 57 694 601 273 133 367 488 431
897 390 240 657 22 288 101 491 217 321 1046 502 209 113 1069 311 239 254 182 5 135 546 660 102
898 526 310 293 670
899 139 184
900 49 405 133 260 357 262 170 30 502 216 67 538 63 174 139 734 571 284 390 499 239 217 101 161
901 407 695 371 77 490 173
902 649 148 482 567 449 45 1590 702 377
903 677 379 68 242 200 669 390 512 49 122 290 323 31 695 719 501 1196 231 57 89 239 534 135 92
904 719
905 719 52 321 124 1148 220 403 98 291 53 12 274
906 217 179 103 161 6 321 357 101 31 610 66 408 52
907 280 101 52 60 141 213 446 367 49 644 501 1114 10 357 751 1102
908 101 561 112 24 321 238 508 137 99 479 185 200
909 60
910 130 491
911 12 95 182 573 68 226 1159 474 60 652 528 136 549 10 26 433 877 1237 14 403 229 309 159 239 201
912 389 31 359 99 672 1023 995 484 928 930 71 485 944 491 612 170 161 139 245 260
913 217 599 58 361 888 359 189 408
914 387 662 71 665
915 89 58 189 652 1398 289 630 280
916 118 1460 517 311 428 750 492 174 93 1428 505 697 91 304 161 88 34 612 384 225 1492 660 105 31 17 342 436 760 795 592 488 818 905 1115 635 496 125 78 1127 694 241 185 581 1020 49 599 36 754 240 725 236 583 723 537 611 300 502 275 129 538 936 1255 1481
917 239 31 492 5 189 216 571
918 357 273 969 179 623 136 96 1255 101 108 611 50 550 216 767 569 465 161 47 432 866 221 366
919 364 77 409 289 17 719
920 1196 305 382 739 648 534 355 1074 672 1362 222 1199 331 59 1123 1031 289 497 1059 1069 642 695 189 1366
921 502 58 180 357
922 719 644 52 381 196 83 189 445 357 12 971 403 60 157 340 23
923 890 173 403 1161 12 860 1067 1102 176 189 23 153 364 177 196 131 512 68 600 502 178
924 102 34 389 216 26 702 66 652 694 276 157
925 873 140 52 153 180
926 57 66 184 40 32 864 546 948 161 965 99 26 357 1090 320 754 488 241 309 101 130 480 156 6 230 78 652 244
927 307 244 297 120 373 189 386 399 383 971 31 110 734 239 356 156 242 359 355 504 647 828 49 147 34 216 725
